3414 789
3868 781
4418 1202
2246 780
3920 779
1550 779
2369 33
4196 777
1867 1660
2910 2606
3889 35
4358 35
2219 822
1318 769
844 390
4231 764
3395 168
3425 800
687 803
683 410
1040 629
4600 807
2278 749
3171 1920
807 1653
2152 747
4226 746
4756 1677
973 1914
1667 1327
2073 1018
4063 813
525 382
2860 2545
4190 418
880 380
4651 814
2207 1910
674 737
3012 155
2838 1016
2099 378
3188 2529
4224 819
4353 152
3091 1012
4161 428
1448 1446
958 1901
1126 223
3681 435
3461 1008
1762 371
3541 714
2891 1041
3441 1004
2156 2054
4382 58
1467 706
459 706
3611 2058
3502 3060
3607 2062
1852 1527
2556 1137
2281 451
2404 1440
2324 1699
4052 696
2101 365
1864 2070
2178 2071
2367 66
2199 2076
4154 2462
793 1538
2218 2087
2333 852
4579 676
1430 676
1607 178
1599 854
2178 2096
2189 256
3803 139
2763 668
4318 859
1483 666
2218 73
2495 258
1149 209
3275 1304
3293 661
1084 661
3322 656
3015 3187
4599 653
3096 353
2117 480
2861 645
4010 644
2656 2146
1786 2930
2996 351
3520 640
2727 2926
2733 1569
3946 880
3884 631
3335 203
3294 2401
2786 885
1902 279
1529 87
3105 87
1493 280
1957 887
1579 281
2773 2734
2358 973
1837 284
1905 284
2991 2190
2016 891
992 345
1232 1245
4131 129
2797 91
2174 1245
2216 1185
3789 128
1558 288
2121 340
2780 969
2705 199
975 185
1567 293
2774 3512
996 967
1022 294
952 1402
1233 908
900 1584
2133 1282
3765 337
3935 910
2507 1790
996 337
3508 1278
1966 964
1779 2250
1553 102
2137 1276
3443 2363
2986 123
3374 104
2017 962
1601 926
4687 105
3393 563
1638 960
4116 121
3657 552
1985 109
5312 120
2830 2769
2325 2348
2385 112
2382 113
2771 1754
5123 317
2536 114
2990 118
3960 525
1740 953
3307 528
3255 3411
432 531
3458 1007
2883 1680
896 956
2551 1124
850 43
638 112
1661 1020
732 121
633 107
309 514
946 507
3412 2816
1712 2883
2474 1848
339 544
845 422
1975 2050
4329 1015
3487 2732
2372 59
4010 116
2575 944
991 1616
2618 1020
2439.6 1030.8
2329.2 2298
3398.4 1816.8
2178 2095.2
3398.4 1680
1100.4 250.8
3452.4 1020
1135.2 226.8
1876.8 260.4
3091.2 1011.6
1126.8 222
2950.8 1041.6
3460.8 1008
3390 1686
2452.8 1399.2
3315.6 658.8
393.6 278.4
1902 278.4
2985.6 1048.8
1492.8 279.6
2133.6 1281.6
3294 660
2980.8 1050
3799.2 283.2
1557.6 288
3384 1692
716.4 976.8
4632 974.4
4004.4 631.2
3446.4 2358
1431.6 1410
3355.2 666
3512.4 1273.2
1894.8 2091.6
1662 196.8
2451.6 1839.6
2869.2 2053.2
1747.2 1077.6
1666.8 188.4
4612.8 820.8
1633.2 2385.6
974.4 184.8
1368 334.8
1837.2 1628.4
2604 2012.4
2442 1359.6
2233.2 2090.4
3294 2401.2
4027.2 1264.8
1782 922.8
1479.6 1096.8
1636.8 920.4
2703.6 172.8
3937.2 58.8
1435.2 360
4297.2 679.2
2774.4 3511.2
2079.6 1908
2216.4 367.2
1437.6 904.8
714 610.8
3664.8 1438.8
1905.6 889.2
849.6 393.6
2029.2 394.8
4618.8 686.4
724.8 183.6
1731.6 400.8
3573.6 2206.8
3932.4 61.2
1971.6 864
4318.8 858
3181.2 1938
4370.4 1140
2701.2 192
873.6 1448.4
1497.6 424.8
2366.4 64.8
840 429.6
3674.4 1249.2
2370 66
1387.2 840
1864.8 2070
2372.4 68.4
2217.6 2086.8
264 438
1886.4 1941.6
4303.2 445.2
1395.6 826.8
4123.2 127.2
4657.2 824.4
1719.6 1784.4
366 702
4311.6 450
2281.2 451.2
2218.8 2090.4
3363.6 124.8
3489.6 1977.6
458.4 705.6
859.2 2748
686.4 802.8
924 796.8
2655.6 1576.8
681.6 795.6
1831.2 2169.6
660 538.8
2367.6 2960.4
2070 486
3415.2 788.4
2767.2 1574.4
2655.6 198
3964.8 495.6
2409.6 75.6
949.2 1881.6
5502 63.6
808.8 105.6
4663.2 841.2
3294 507.6
1552.8 102
2778 2359.2
2898 2023.2
5403.6 99.6
4230 763.2
308.4 513.6
1819.2 2149.2
2112 1948.8
1832.4 1585.2
4624.8 80.4
1594.8 88.8
2266.8 738
674.4 736.8
2217.6 2079.6
1038 1312.8
1472.4 440.4
2264.4 727.2
1520.4 1053.6
3210 2980.8
2300.4 2860.8
5152.8 87.6
898.8 236.4
2215.2 1182
2978.4 774
932.4 535.2
4276.8 721.2
4695.6 92.4
5644.8 1477.2
2173.2 237.6
4608 231.6
2910 2605.2
765.6 1264.8
1876.8 928.8
1722 174
3592.8 648
3346.8 673.2
2594.4 610.8
1405.2 681.6
3394.8 168
1767.6 513.6
1305.6 513.6
2565.6 2725.2
888 609.6
1428 375.6
3745.2 375.6
3427.2 3105.6
1341.6 764.4
2394 40.8
3393.6 562.8
374.4 715.2
2451.6 1434
903.6 1468.8
529.2 384
1317.6 769.2
910.8 1568.4
2236.8 770.4
3684 2938.8
1740 952.8
1093.2 262.8
4027.2 714
1692 2378.4
2731.2 1569.6
2506.8 1790.4
732 1441.2
5122.8 316.8
1822.8 2019.6
3831.6 61.2
1006.8 787.2
1825.2 2125.2
1539.6 2758.8
1869.6 1543.2
3871.2 195.6
2437.2 414
975.6 196.8
2185.2 415.2
1414.8 1046.4
5031.6 415.2
1472.4 1712.4
465.6 421.2
3331.2 1003.2
5240.4 2098.8
2362.8 970.8
384 214.8
913.2 1579.2
5732.4 1532.4
2770.8 1753.2
1450.8 1450.8
1776 2266.8
3439.2 282
4506 464.4
3082.8 1692
733.2 121.2
4660.8 825.6
2430 45.6
2224.8 816
5353.2 2028
3014.4 992.4
794.4 1537.2
4597.2 702
898.8 181.2
1923.6 2751.6
991.2 1615.2
5302.8 129.6
2977.2 128.4
3193.2 3831.6
2253.6 718.8
4042.8 1791.6
5066.4 97.2
637.2 111.6
2016 961.2
2550 1124.4
2763.6 667.2
1473.12 1712.16
1732.32 400.32
4890.24 1766.88
3856.32 63.36
3057.12 419.04
4167.36 430.56
2453.76 1404
1932.48 995.04
2453.76 1399.68
3314.88 659.52
1841.76 1625.76
3445.92 993.6
3749.76 367.2
2216.16 367.2
1856.16 367.2
1425.6 354.24
2648.16 491.04
3461.76 1008
3964.32 496.8
2782.08 2361.6
992.16 345.6
2505.6 1791.36
1712.16 336.96
3215.52 3477.6
3764.16 329.76
1785.6 1334.88
943.2 524.16
2908.8 2606.4
1591.2 80.64
1308.96 531.36
2082.24 1327.68
931.68 535.68
4880.16 286.56
1406.88 564.48
4122.72 128.16
4789.44 574.56
1864.8 576
2530.08 1778.4
2711.52 224.64
1830.24 2170.08
2118.24 591.84
1162.08 567.36
1558.08 288
2214.72 1182.24
3801.6 285.12
872.64 1448.64
1902.24 279.36
2727.36 2926.08
711.36 1251.36
1497.6 273.6
2522.88 1769.76
1876.32 260.64
3330.72 648
1460.16 649.44
2367.36 64.8
3294.72 660.96
1342.08 1555.2
1344.96 1555.2
3445.92 2358.72
1428.48 675.36
4301.28 675.36
1398.24 681.12
4235.04 403.2
3417.12 3633.12
1136.16 226.08
1866.24 1020.96
3661.92 1434.24
2085.12 1908
1692 2378.88
2769.12 1575.36
2724.48 216
3503.52 735.84
888.48 1936.8
1442.88 705.6
1467.36 707.04
1311.84 2541.6
1831.68 709.92
3296.16 514.08
1306.08 514.08
3453.12 1019.52
564.48 1020.96
3870.72 198.72
2187.36 2100.96
4286.88 728.64
714.24 730.08
2210.4 1748.16
3447.36 1020.96
3764.16 190.08
1666.08 188.64
2836.8 2766.24
679.68 744.48
1895.04 2090.88
1470.24 953.28
2835.36 3728.16
2455.2 1385.28
1977.12 103.68
4230.72 763.2
1319.04 767.52
2946.24 1022.4
2472.48 1605.6
2217.6 2080.8
682.56 796.32
1388.16 803.52
4187.52 1095.84
1061.28 1948.32
3006.72 1039.68
2950.56 1041.12
1988.64 102.24
3373.92 102.24
2759.04 2708.64
2983.68 1046.88
1396.8 826.56
4664.16 828
1984.32 108
4430.88 1080
1487.52 1654.56
2772 881.28
4124.16 132.48
3608.64 2060.64
2380.32 113.76
3363.84 125.28
2986.56 122.4
2376 2878.56
2172.96 237.6
2217.6 1185.12
1995.84 1812.96
4032 711.36
2796.48 2550.24
4272.48 715.68
2471.04 3316.32
1023.84 2289.6
1549.44 779.04
1879.2 3121.92
2462.4 1408.32
4888.8 1772.64
4199.04 780.48
701.28 594.72
2136.96 1275.84
501.12 717.12
2246.4 779.04
2263.68 727.2
1990.08 1972.8
1982.88 1980
1386.72 486.72
1776.96 2266.56
2448 596.16
4897.44 152.64
1386.72 483.84
2102.4 355.68
874.08 2540.16
3398.4 1815.84
1539.36 358.56
732.96 120.96
1041.12 629.28
1735.2 374.4
923.04 797.76
2155.68 2053.44
2011.68 469.44
2687.04 191.52
704.16 493.92
1048.32 1251.36
1473.12 440.64
4651.2 813.6
2280.96 450.72
4314.24 868.32
4210.56 1163.52
4023.36 1262.88
1982.88 97.92
1923.84 243.36
1804.32 283.68
4053.6 70.56
686.88 1802.88
5289.12 165.6
3831.84 60.48
1008 787.68
4129.92 1077.12
1952.64 897.12
4682.88 840.96
4855.68 1709.28
1637.28 920.16
2617.92 76.32
2780.64 1742.4
898.56 236.16
3100.32 1077.12
3450.24 3049.92
3630.24 1591.2
2272.32 730.08
1451.52 1450.08
2170.08 231.84
1821.6 2175.84
1306.08 1425.6
4675.68 838.08
2891.52 3146.4
5353.92 2027.52
4278.24 721.44
1442.88 223.2
534.24 862.56
871.2 1584
2823.84 560.16
357.12 878.4
980.64 1928.16
2534.4 2488.32
1483.2 874.08
1887.84 712.8
1101.6 246.24
368.64 708.48
2410.56 76.32
2439.36 1002.24
2351.52 1032.48
1493.28 279.36
2255.04 3384
2890.08 1041.12
760.32 2208.96
862.56 2759.04
1779.84 2257.92
659.52 538.56
879.84 378.72
1149.12 1964.16
5267.52 1906.56
4872.96 131.04
1496.16 689.76
1825.92 2177.28
2144.16 2167.2
2221.92 1189.44
731.52 1441.44
4583.52 254.88
3244.32 1982.88
362.88 884.16
1071.36 1153.44
1552.32 187.2
633.6 106.56
5240.16 2099.52
3873.6 609.12
1463.04 976.32
1789.92 475.2
1483.2 665.28
751.68 1460.16
393.12 277.92
662.4 498.24
951.84 1401.12
365.76 701.28
2157.12 2103.84
1869.12 2164.32
1451.52 699.84
3723.84 498.24
1866.24 1021.25
2327.62 1689.98
900.288 1586.3
1855.87 366.336
2132.35 513.216
960.768 2619.65
4223.23 819.072
4651.78 819.072
2904.77 1653.7
964.224 2616.19
1036.8 2225.66
2628.29 516.672
5450.11 3335.04
717.12 825.984
1456.7 974.592
1387.58 803.52
686.016 803.52
4430.59 1080
3573.5 2206.66
2452.03 1404.86
1722.82 172.8
2249.86 836.352
4003.78 630.72
1387.58 838.08
3575.23 2242.94
2908.22 2605.82
1022.98 293.76
943.488 523.584
1646.78 1695.17
680.832 784.512
2680.13 359.424
4316.54 858.816
2654.21 1577.66
2697.41 179.712
2645.57 490.752
2493.5 257.472
1639.87 1707.26
2693.95 181.44
1195.78 606.528
3945.02 881.28
971.136 1721.09
5731.78 1532.74
525.312 381.888
2433.02 65.664
4230.14 762.048
2664.58 2172.1
1558.66 286.848
1152.58 644.544
3801.6 285.12
1826.5 2166.91
2823.55 2916.86
1645.06 285.12
4019.33 316.224
5123.52 316.224
2673.22 2161.73
3362.69 126.144
2846.02 2567.81
948.672 1492.99
4364.93 69.12
2318.98 2344.9
3369.6 124.416
2985.98 122.688
1876.61 260.928
2778.62 2358.72
2070.14 1771.2
2782.08 2360.45
2522.88 1771.2
3499.2 734.4
4031.42 653.184
1876.61 929.664
2951.42 1041.98
3176.06 2374.27
3924.29 2773.44
3746.3 323.136
2185.92 722.304
872.64 1448.06
4304.45 444.096
1719.36 1783.3
3870.72 198.72
1900.8 279.936
844.992 390.528
2263.68 727.488
2187.65 727.488
2379.46 114.048
886.464 1238.98
2503.87 1791.94
1952.64 950.4
983.232 952.128
2875.39 1033.34
1468.8 952.128
3843.07 262.656
1088.64 1804.03
3924.29 2759.62
914.112 1574.21
710.208 1251.07
1325.38 2536.7
2453.76 1399.68
995.328 965.952
4162.75 428.544
1995.84 1816.13
3390.34 1817.86
2455.49 1384.13
1829.95 710.208
1866.24 1833.41
5223.74 331.776
715.392 976.32
1467.07 706.752
3373.06 101.952
2441.66 1359.94
3924.29 100.224
1498.18 273.024
2175.55 2099.52
3511.3 1273.54
2405.38 696.384
3763.58 335.232
993.6 336.96
3507.84 1276.99
1931.9 995.328
1712.45 336.96
2083.97 1907.71
3317.76 1874.88
2712.96 226.368
953.856 1318.46
2839.1 1016.06
1878.34 3120.77
1126.66 222.912
1135.3 226.368
2795.9 89.856
2199.74 2075.33
1700.35 1902.53
3459.46 1009.15
2899.58 2704.32
1397.95 680.832
4299.26 675.648
2752.7 2078.78
2759.62 2707.78
1209.6 72.576
1429.06 673.92
3894.91 838.08
3960.58 1318.46
4199.04 779.328
2080.51 1316.74
4008.96 646.272
2223.94 2616.19
841.536 423.36
1956.1 938.304
1354.75 202.176
1786.75 1334.02
2135.81 1276.99
952.128 1615.68
2928.96 1852.42
986.688 1613.95
1892.16 1607.04
922.752 796.608
2543.62 2763.07
4897.15 152.064
1442.88 705.024
1119.74 212.544
5716.22 1460.16
2370.82 1688.26
981.504 1268.35
2028.67 395.712
1624.32 2255.04
1009.15 786.24
1600.13 853.632
1886.98 711.936
1821.31 2108.16
3141.5 1985.47
5405.18 98.496
4247.42 2783.81
701.568 592.704
3397.25 1816.13
1494.72 661.824
1029.89 2274.05
616.896 661.824
2246.4 779.328
2115.07 461.376
1550.02 779.328
4698.43 107.136
4269.89 717.12
1486.08 869.184
1022.98 2289.6
3926.02 103.68
1982.02 1980.29
5242.75 2040.77
2324.16 2348.35
355.968 877.824
625.536 881.28
1014.34 1247.62
1824.77 2177.28
793.152 1537.92
687.744 1802.3
4587.84 476.928
1318.46 767.232
1349.57 1724.54
1821.31 2175.55
1010.88 2541.89
571.968 1439.42
2795.9 2548.8
1660.61 941.76
1413.5 755.136
2372.54 67.392
1387.58 1446.34
2780.35 1743.55
3827.52 2666.3
1425.6 354.24
585.792 69.12
2220.48 1188.86
2142.72 2557.44
978.048 1726.27
2693.95 191.808
2699.14 191.808
808.704 1209.6
732.672 120.96
1178.5 124.416
2901.31 3494.02
1817.86 2149.63
1662.34 196.992
3507.84 260.928
974.592 196.992
1565.57 295.488
2865.02 3003.26
2331.07 1022.98
2533.25 114.048
2009.66 468.288
4632.77 974.592
808.704 105.408
1776.38 2267.14
632.448 107.136
3649.54 447.552
611.712 694.656
2687.04 191.808
1565.57 965.952
2351.81 2904.77
3868.99 620.352
3184.7 1886.98
1997.57 1873.15
1745.28 53.568
2272.32 730.944
430.272 528.768
349.056 884.736
2617.92 76.032
1600.13 846.72
1009.15 1244.16
926.208 2201.47
483.84 1114.56
1619.14 2009.66
898.56 236.736
1237.25 508.032
850.176 2458.94
990.144 1615.68
1778.11 2258.5
1290.82 1092.1
1983.74 551.232
1356.48 198.72
879.552 378.432
950.4 717.12
2101.25 355.968
305.856 513.216
1622.59 3910.46
5899.39 2270.59
834.624 1496.45
2241.22 775.872
1509.58 163.814
2480.03 342.144
3446.32 165.888
2847.05 2569.19
1325.03 2536.01
2498.69 2531.87
2847.05 2575.41
1965.77 2592
2983.91 1047.17
1961.63 2594.07
2434.41 66.3552
1712.79 335.923
1723.16 172.109
2647.99 489.37
1864.17 1024.36
3458.77 1018.14
1795.74 470.707
1866.24 1835.14
885.427 1240.01
3763.58 327.629
2898.89 2703.97
3460.84 1009.84
1998.95 1870.39
709.171 1250.38
1988.58 1826.84
2565.04 2724.71
3317.76 1876.61
3952.28 1277.34
1932.6 995.328
3446.32 993.255
906.163 516.326
947.635 1882.83
3226.52 2384.64
1692.06 2378.42
2830.46 2766.18
3925.33 2772.4
715.392 976.666
2772.4 974.592
1461.89 974.592
1994.8 1814.4
2320.36 2345.24
982.887 951.783
3307.39 528.768
2444.77 1358.21
2455.14 1385.17
2453.07 1397.61
4130.61 132.71
1876.61 261.274
2376.35 2876.08
1439.08 906.163
2451 1403.83
1951.26 897.869
524.621 383.616
4120.24 126.49
3425.59 2913.41
3363.38 126.49
1590.45 78.7968
1059.61 1947.11
4634.5 302.746
4669.75 829.44
717.466 825.293
3572.81 2206.31
5638.12 1480.55
2523.57 1770.85
2220.83 821.146
4889.55 1768.78
1509.58 400.205
1387.24 802.483
684.288 802.483
2193.87 1766.71
682.214 796.263
1828.92 2168.99
1866.24 2164.84
1022.28 294.451
4203.19 771.379
4172.08 82.944
2627.25 1559.35
2202.16 2144.1
2328.65 1748.05
675.994 738.202
3500.24 734.055
713.318 729.907
1984.44 105.754
1196.47 607.565
2187.65 727.834
3641.24 1596.67
3798.84 286.157
1835.14 286.157
501.811 719.539
3923.25 101.606
2434.41 416.794
2954.88 219.802
1497.14 273.715
2177.28 2096.41
1646.44 284.083
2874.01 2027.98
1893.2 2090.19
4006.2 630.375
3703.45 632.448
1468.11 705.024
3064.78 97.4592
1851.73 2075.67
2797.29 89.1648
3384.12 1694.13
2210.46 2073.6
2200.09 2073.6
1152.92 644.89
1134.26 223.949
3610.14 2057.01
1397.61 680.141
3392.41 1685.84
1492.99 277.862
2795.21 2548.45
2784.85 1074.12
794.189 1673.4
2905.11 1652.66
4238.44 684.288
2368.05 64.2816
2405.38 694.656
1959.55 1700.35
1443.23 702.951
1652.66 636.595
3856.9 64.2816
1474.33 1712.79
3253.48 3409
1886.98 711.245
4024.86 713.318
371.174 715.392
1532.39 1607.04
4269.54 715.392
1349.91 1725.24
949.709 717.466
3576.96 615.859
2185.57 721.613
2598.22 615.859
1955.41 1049.24
2224.97 723.687
4228.07 723.687
5412.1 1737.68
4288.21 729.907
632.448 107.827
2998.43 350.438
700.877 593.05
5405.88 1980.29
1982.36 1980.29
3394.48 3102.11
3543.78 2144.1
2656.28 2146.18
1492.99 769.306
5725.21 1555.2
1219.28 773.453
4196.97 777.6
1988.58 1971.99
1548.98 779.674
3610.14 82.944
978.739 578.534
792.115 1536.54
3419.37 785.895
3744.92 576.461
462.413 82.944
1822.69 2175.21
1731.46 402.278
922.752 796.263
3523.05 294.451
532.915 802.483
2513.2 3023.31
2927.92 1524.1
5310.49 116.122
2326.58 3010.87
2224.97 816.999
4223.92 819.072
947.635 1492.99
3454.62 1770.85
1242.09 1152.92
1395.53 827.367
4943.46 170.035
3359.23 240.538
4663.53 827.367
734.055 122.342
2251.93 837.734
1992.73 3564.52
1407.97 566.093
1428.71 354.586
1179.88 124.416
725.76 1783.3
2500.76 1165.36
4315.16 866.765
846.029 389.837
5225.47 333.85
2405.38 553.651
2795.21 875.059
3564.52 126.49
707.098 1426.64
626.227 881.28
2791.07 883.354
4058.04 889.575
5302.2 128.563
2927.92 1849.65
1024.36 2289.25
4875.03 130.637
3508.53 261.274
1393.46 2297.55
1623.63 1020.21
2699.83 192.845
3562.45 132.71
2797.29 3684.79
688.435 1801.96
1426.64 375.322
2075.67 1018.14
1470.18 951.783
1275.26 1335.4
1578.01 138.931
1735.6 373.248
2214.61 1181.95
943.488 524.621
2220.83 1188.17
4837.71 141.005
2081.89 1316.74
3185.05 1886.98
3390.34 1816.47
1038.87 1312.59
2745.45 2772.4
5076.17 367.027
2836.69 2766.18
4897.84 151.373
4503.86 248.832
1210.98 72.576
3143.58 514.253
470.707 1291.85
460.339 1289.78
1629.85 2401.23
1009.84 1244.16
2135.81 1277.34
2131.66 512.179
2397.08 1001.55
2030.05 2733.01
1237.94 508.032
3460.84 2730.93
2411.6 70.5024
2556.75 2720.56
2492.47 257.126
1013.99 1248.31
848.103 2459.29
1428.71 673.92
319.334 1665.1
731.981 1441.15
3674.42 2276.81
1988.58 945.562
1233.79 906.163
2871.94 593.05
2934.14 2822.17
1625.7 2254
5503.33 64.2816
3762.34 333.435
2714.76 226.437
2968.57 226.437
4887.06 1769.2
1866.24 574.802
1711.96 335.923
2846.64 2577.9
977.91 579.779
1965.77 1799.06
1368.58 333.435
4247.56 2784.43
2192.21 1766.71
2202.16 2144.93
318.505 1669.66
992.84 967.957
2769.5 3909.15
2431.09 574.802
3229.84 808.704
1721.92 171.694
4170.43 82.1146
4284.89 731.566
4941.8 169.206
2326.58 1692.06
5267.77 328.458
3797.18 286.157
3506.04 303.575
2381.32 1694.55
992.84 345.877
3381.63 1694.55
1410.88 753.961
413.061 972.933
5683.32 1321.3
3476.18 2605.27
1791.59 472.781
1826.43 2169.82
1458.16 972.933
1134.67 223.949
4419.26 1804.03
1823.94 2177.28
1500.46 283.669
2998.43 1622.39
2784.43 1072.47
1823.94 2018.03
2251.93 721.613
1861.26 1025.19
3389.09 1816.47
1639.8 1709.48
3394.07 1816.47
3431.39 281.18
3227.35 2386.3
709.171 1251.63
1901.08 281.18
1236.7 510.106
1953.33 950.538
2329.07 1749.29
1385.99 803.728
684.288 803.728
532.501 801.239
1970.75 1794.08
1983.19 1978.21
2503.25 1791.59
4588.46 475.269
5210.54 291.134
2543.06 2764.52
4055.96 821.146
2455.97 1385.99
3175.1 2373.86
5402.14 1975.73
1866.24 1833.89
3573.23 2204.65
2227.05 1744.31
3441.35 2361.42
2779.45 2358.93
1465.62 704.195
3528.44 1838.87
2898.89 2704.8
2652.55 1577.6
2174.79 2100.14
1901.08 1741.82
2528.13 1776.66
4653.16 415.55
1537.78 2762.04
2465.93 3321.91
681.8 796.263
1495.48 276.204
530.012 863.447
1796.57 470.293
5031.38 413.061
2953.64 221.461
3376.65 2866.55
3702.62 632.033
4006.2 632.033
2319.11 2346.49
4063.43 888.33
4200.29 771.379
1037.63 2227.05
5407.12 1846.33
1622.39 1017.72
791.286 1537.78
2346.49 1856.29
1711.96 2881.48
2637.62 500.152
2645.08 490.199
572.314 1440.74
1764.22 2727.2
1950.84 898.284
4237.61 684.288
1960.8 898.284
1395.95 681.8
714.148 977.91
525.036 383.201
1609.94 880.865
2844.15 2570.44
716.636 826.122
962.98 2617.71
930.632 534.989
2752.08 2077.75
1878.68 918.19
1851.31 2077.75
2794.38 875.889
1306.37 515.082
1873.71 554.896
905.749 515.082
5123.45 313.528
3316.93 1878.68
3931.55 913.214
1507.92 398.131
863.447 2757.06
3458.77 1010.26
2771.99 878.377
3182.56 1886.15
1495.48 664.382
425.503 515.082
2222.07 2615.22
948.05 1883.66
5636.05 1480.55
3371.67 121.928
2854.1 554.896
2500.76 1167.02
3088.01 1010.26
3311.95 3097.96
734.055 121.928
945.562 1492.99
3672.76 2276.81
1729.38 313.528
1022.7 2289.25
2112.58 465.316
5429.52 3284.58
1438.25 905.749
2722.22 218.972
3909.15 126.904
624.568 880.865
2829.22 2027.98
923.167 793.774
3476.18 574.802
3142.75 512.594
1385.99 1448.2
2533.11 114.463
734.055 1443.23
3073.08 923.167
2062.82 1863.75
470.293 1291.44
2401.23 552.407
2789.41 883.354
2289.25 885.842
4247.56 691.753
1734.36 373.248
2490.81 258.785
2085.21 1908.54
2077.75 1908.54
632.033 106.998
2154.89 2100.14
3140.26 77.1379
3316.93 3115.38
846.029 2625.18
1022.7 293.622
1988.17 945.562
945.562 525.036
1040.12 1311.34
1194.39 2060.33
1507.92 1826.43
1706.99 716.636
1532.81 1609.94
4217.7 716.636
4267.47 716.636
1395.95 828.611
868.424 1259.09
2794.38 2548.04
768.891 1264.07
2826.73 2602.78
1953.33 1692.06
4590.95 664.382
768.891 1271.53
159.253 209.019
5290.17 164.229
1639.8 223.949
1960.8 943.073
460.339 84.6029
676.823 808.704
4894.53 151.788
719.125 744.008
1786.61 1333.74
363.295 1679.62
2003.1 2759.55
1587.55 380.713
263.762 778.844
713.65 827.118
5377.76 2054.36
2182.75 418.038
4138.57 140.341
2433.58 418.038
746.496 880.866
4637.23 824.132
3926.57 101.523
734.552 1442.23
4595.43 653.931
1355.64 1967.76
1824.44 2018.53
4037.05 1057.04
5031.38 412.066
1952.83 2717.25
1836.38 400.122
2200.67 2072.27
2544.06 2072.27
2212.61 2621.69
1851.31 2078.25
2968.07 1051.07
1600.49 2866.55
2212.61 1182.45
4505.85 459.842
3475.69 2606.76
2860.57 1988.67
2221.57 2615.72
1893.11 2087.2
961.487 2615.72
2114.08 465.814
1860.27 1027.18
1836.38 991.347
1979.71 1976.72
1794.58 471.786
2726.2 2929.25
4679.04 845.034
5715.17 1427.3
2397.75 1003.29
806.216 2278.31
2009.57 2439.55
1239.18 1149.6
406.094 537.477
892.809 1937.9
2114.08 1934.92
3460.76 2732.18
3660.82 1439.24
973.431 188.117
3445.83 1018.22
1621.39 1018.22
2558.99 3607.07
426.996 513.589
3457.77 1012.25
2693.36 179.159
4057.95 821.146
3180.07 1884.16
928.641 534.491
2221.57 818.16
4314.75 859.964
3314.44 1878.18
1770.69 1179.46
2896.41 2708.29
3729.5 337.416
5114.99 1406.4
3227.85 809.202
5634.55 1478.06
3762.34 334.43
2532.12 116.453
2842.66 2570.93
2705.3 226.935
4013.16 116.453
1952.83 1693.05
680.805 803.23
2045.4 1836.38
1848.32 2197.68
1863.25 2164.84
2409.69 2167.82
1504.94 1827.42
1690.07 2382.82
1988.67 1824.44
4222.18 788.3
731.566 122.425
1994.64 1815.48
880.866 1239.18
979.403 582.267
3174.1 2373.86
4938.82 170.201
3971.36 588.239
686.776 1800.55
5120.96 310.542
2794.88 874.894
2502.26 1791.59
877.88 1227.24
713.65 979.403
624.071 877.88
2346.98 1857.28
1197.38 606.155
1457.16 973.431
415.052 973.431
2779.95 2358.93
2523.16 1770.69
2953.14 220.963
2191.71 1767.7
707.678 1251.13
2627.67 1558.68
2863.56 1648.26
429.982 955.515
2714.26 226.935
677.819 743.51
4063.93 886.837
2224.56 1746.8
2248.45 740.524
2317.12 2346.98
1636.32 958.501
1651.25 633.029
677.819 737.538
3356.25 1716.94
2669.47 1549.73
5407.62 1734.86
4302.8 2624.68
2648.57 1579.59
985.375 952.529
4057.95 892.809
1618.4 937.599
746.496 1445.22
895.795 1588.54
1645.28 283.669
3430.9 280.683
462.828 1289.95
1639.31 1710.97
910.725 722.608
4219.2 716.636
1412.37 3206.95
3418.95 788.3
2472.4 2517.19
1495.98 277.697
3905.67 1295.92
2326.08 1690.07
1495.98 662.889
3392.08 1684.1
2541.07 2765.02
370.262 713.65
501.645 722.608
1466.12 701.706
1042.11 1310.85
4102.74 397.136
3962.4 1316.82
4237.11 683.791
3066.61 95.5515
2863.56 1636.32
3386.11 2773.98
1875.2 262.767
2857.59 2687.39
4243.08 689.763
1740.83 1896.1
4894.03 149.299
1066 925.655
3672.76 2275.32
2027.48 400.122
492.688 441.926
3908.65 1985.68
2063.32 1860.27
2152.9 671.847
364.29 1567.64
946.557 716.636
3744.43 573.309
3087.51 1012.25
725.594 1785.62
1573.61 283.669
1203.35 591.225
2968.07 131.383
2788.91 1080.93
4284.89 731.566
5222.49 334.43
3401.04 2152.9
806.216 101.523
922.669 794.272
1707.98 2341.01
468.8 1292.93
426.996 528.519
2496.28 1176.48
5156.8 1934.92
1516.88 265.753
871.908 2538.09
1427.3 385.192
1612.43 877.88
2260.39 1254.11
397.136 280.683
4562.58 232.907
4266.97 716.636
851.006 1248.14
334.43 540.463
1042.11 1322.79
1385.5 907.739
3607.07 319.5
1012.25 1248.14
3556.31 1370.57
2290.25 883.852
158.257 206.033
5030.79 408.483
1641.1 1712.76
2852.21 555.393
3905.67 1297.11
2440.15 1426.11
5374.77 2053.16
1408.19 752.468
501.645 723.803
705.887 727.386
716.636 748.885
881.463 1236.2
2726.8 2927.46
2726.8 225.74
1874 265.155
2866.55 2558.39
705.887 1246.95
1809.51 3791.01
3966.58 1318.61
2210.82 1186.03
2845.05 2569.14
4152.91 397.733
2325.49 1691.26
2952.54 222.157
1956.42 1691.26
2246.66 738.135
1633.93 2400.73
2845.05 2579.89
2447.31 1354.44
1852.51 2078.25
1465.52 702.304
1691.26 2382.82
5256.53 1863.25
1573.02 283.071
1891.92 2085.41
892.212 1934.92
705.887 831.298
730.969 121.828
1899.09 283.071
1515.69 168.41
4059.75 888.629
526.728 781.134
1637.51 953.126
3475.69 2604.97
680.805 781.134
426.399 512.395
4138.58 136.161
354.735 885.046
1307.86 519.561
2217.99 2615.72
1967.17 1795.17
945.96 1884.75
745.302 881.463
2501.06 1791.59
415.649 971.042
3378.94 2866.55
5109.62 1404.61
1931.33 2013.75
1988.67 1823.84
4220.99 788.3
5421.35 232.907
5299.53 114.662
5407.02 1734.26
2859.38 1633.93
5088.12 1422.52
2769.8 874.296
695.137 164.826
1397.44 680.805
1422.52 372.651
5729.51 2325.49
1931.33 2837.88
2655.14 2146.33
734.552 1444.02
877.88 304.57
741.719 1444.02
2203.66 1748.59
2787.72 1085.7
3400.44 2153.49
2522.56 2554.81
3443.44 996.125
695.137 809.799
2332.65 1748.59
1859.67 2160.66
3421.94 809.799
1196.78 605.558
1823.84 2171.41
1859.67 1028.37
2379.23 118.245
5120.37 308.154
1949.25 899.379
1429.69 354.735
1519.27 1010.46
4034.66 1060.62
2189.32 1766.51
1762.93 2730.38
408.483 1587.35
1848.92 2196.49
1891.92 2802.05
928.044 533.894
2647.97 1576.6
1153.78 644.973
1236.2 508.812
2436.56 1021.21
2981.21 1046.29
369.068 1569.43
3676.34 429.982
677.221 806.216
5403.44 1845.34
2630.06 1558.68
3382.52 2769.8
881.463 2755.47
2479.56 336.819
1648.26 630.64
4009.58 630.64
3963 498.062
2350.57 1856.09
2669.47 1547.93
1368.78 333.236
1537.19 2762.63
1322.19 899.379
3923.58 910.128
2228.74 2089
659.305 2515.39
1648.26 283.071
3138.87 512.395
3429.1 283.071
766.801 888.629
2716.05 222.157
3748.01 709.47
956.71 1712.76
1909.84 286.655
2780.55 2357.73
978.209 584.059
365.485 713.053
404.9 533.894
623.474 877.88
3314.44 1877.59
867.13 1737.84
4937.62 168.41
4006 1852.51
3253.53 1275.61
5252.94 340.402
1426.11 2257.4
333.236 537.477
4894.63 146.91
3672.76 2271.74
2830.71 2601.39
1992.25 3565.27
3629.76 1146.62
422.815 530.311
1264.86 1347.28
3099.45 118.245
996.125 347.569
644.973 727.386
419.232 698.72
444.315 1386.69
5235.03 250.823
1200.37 591.225
2106.91 351.152
1039.12 1311.44
1705.59 2339.82
3085.12 1010.46
1820.26 2203.66
1515.69 265.155
845.631 2622.89
3278.61 1300.7
920.878 791.883
1436.86 906.545
1884.75 609.141
