2749 970
726 69
1950 1860
2244 1707
3925 1760
1548 1683
1684 2708
4202.4 1771.2
1835 2581
2848 3568
3919.2 1008
2769.12 469.44
2215 1749
1317 1663
853 1261
4238 1759
3418 1125
3428 1766
3234 205.2
2433.6 2370
1043 1511
4610.4 1804.8
900 1922.4
2492.64 1280.16
774 2539
2151 1670
4234 1742
1452 394.8
2270 3885
2534 230
2466 343.2
2909.26 445.824
1044 1510.8
2798.4 3505.2
3246 307
889 1254
4661 1820
2263.38 639.001
674 1611
1746 1281
2829.6 1968
1449 398
983.52 241.92
4229 1813
3988 1579
3411.07 271.642
4180 1410
1423 2350
172 162
1141 1106
3696 1405
3456 1983
1773 1280
3548 1680
2551.2 180
3436 1977
2110.8 2989.2
4417 1038
1357.2 69.6
459 1564
841.536 262.656
3751.2 370.8
3566 3042
1825 2447
3334 611
2291 1374
2379 2389
2291 2645
957.6 552.96
2114 1284
4278 315
2131.2 3009.6
2388 998
2155 3018
2816.78 664.382
2158 2703
2170 3033
2327 1784
5108.4 1270.8
1431 1576
1625 1076
1595 1761
2131 3038
2205 1176
3829 1109
2766 1612
4323 1850
1484 1569
2239 995
2511.6 1188
1165 1092
3259 2270
3299 1620
1086 1545
2248 757
2418 1958
4615 1650
3111 1313
2126 1401
767.398 680.805
4020 1626
2608 3099
1451 1549
1929.6 1208.16
3527 1608
2591 298
2703 2521
3948 1864.8
2865.02 582.336
3357 1160
4449.12 554.896
2783 1830
1916 1198
1550 982
2252 1650
1508 1177
1046.4 211.2
1593 1184
483.84 462.24
1588.8 213.6
1849.2 1207.2
1918 1203
2942 3156
843 263
1002 1224
97.0445 935.609
4160 1114
852 831.6
2157 2172
2202 2111
1611.6 481.2
1572 1190
2133 1260
838 745
2724 1134
991 1059
3328 871
1107 2861
987 1853
1034.4 1171.2
929 2286
1227 1801
870 2469
2114 2208
2551.2 213.6
3936 1896
2471 2738
423.014 1818.96
3494.4 2248.8
1956 1886.4
1728 3169
742 1049
2117 2203
3391 3342
3008 1070
3399 1060
2008 1885
900 1922.4
4723 1098
3402 1525
2866 582
4145 1106
1697.76 941.76
2006 1023
5358 1120
2759.62 3732.48
3659.9 725.76
1632.96 1366.56
117.6 697.2
2737 2708
5160 1317
2557 1046
479.002 833.587
3973 1511
1732 1865
3316.8 1488
1377 38
4694.98 717.12
3452 1980
2854.8 2632.8
1587.35 806.216
2536 2073
3839.98 830.104
655 967
4254.34 1385.86
749 986
651 964
315 1368
952 1387
1170.72 1542.24
2472.48 920.16
3335.94 232.907
427 1822
853 1294
3844.46 403.108
4328 2008
2564.35 397.44
2393 992
484 463
2568 1887
4145.47 822.528
1997.57 1017.79
233.28 1159.2
2277.6 3241.2
3364.8 2788.8
2130 3038.4
1405.9 143.078
1113.6 1134
3446.4 1994.4
2176 2684
1890 1179.6
532.8 447.84
1141.2 1106.4
2942.4 2000.4
3456 1982.4
3362.4 2661.12
2428.8 2352
3322.8 1617.6
406.8 1129.2
1915.2 1198.8
2975 2012
1508.4 1176
2114.4 2208
3300 1618.8
2971.2 2011.2
3819.6 1255.2
1572 1189.2
3866 589
607 925
4636.8 1972.8
1457.74 568.167
3394.8 3337.2
3245.18 305.856
3362.4 1626
3498 2246.4
1848 3016.8
1678 1099
2413.2 2785.2
2824 3014
1030 840
1683.6 1089.6
5660.93 787.968
5133.6 2964.96
991.2 1058.4
1381.2 1228.8
1808 2546
1741.82 274.752
2419.2 2312.4
2127.17 698.112
4446.13 555.393
4015.2 2264.4
1775.52 1834.56
1577.6 584.755
1628.4 1830
2721.6 1110
1152.59 1534.8
1447.2 1257.6
4309.2 1665.6
2644 200
2039.04 2839.68
2230 1291
1431.6 1804.8
716.4 1478.4
3645.6 2416.8
747 729
859.2 1262.4
2038.8 1317.6
4635.6 1684.8
1691.71 988.416
1742.4 1309.2
3528 3188.4
3961.2 1036.8
1965.6 1782
4323.6 1849.2
3141.6 2913.6
4365.6 2133.6
2720 1128
2866.8 3782.4
1507.2 1324.8
2388 997.2
849 1299
3662.4 2224.8
2391.6 998.4
1345.77 240.538
181 603
2396.4 998.4
2170.8 3032.4
273.6 1285.2
2274 1367
4322.4 1432.8
1392 1726.8
4151 1114
4668 1830
3899 444
364.8 1558.8
4330.8 1437.6
2290.8 1374
2173.2 3033.6
3386.4 1081.2
5607.68 390.567
458.4 1563.6
3411.49 271.227
682.8 1674
921.6 1676.4
2628 2526
678 1665.6
1780.8 3092.4
664.8 1402.8
2292.48 3905.28
2154.47 3004.65
2752 967
2739.6 2527.2
2673.6 1134
3978.72 1477.44
2431 1006
910.08 2774.88
5548.61 1074.82
825.6 972
3188 255
3306 1466.4
727.2 782.4
2724.48 3317.76
1237.2 310.8
5451.6 1099.2
4238.4 1758
314.4 1368
1770 3072
2070 2881.2
4136.83 829.44
4661.28 1071.36
1614 1189
2265.6 1668
672 1611
2172 3024
1018 2205
1482 1339.2
2264.4 1656
1508.4 1963.2
2128.41 2013.75
1278 436.8
5197.2 1092
912 1108.8
2200.8 2108.4
1897.34 1810.94
938 1414
4287.6 1708.8
4734 1084.8
724 1446
2190 1156.8
4638 1222.8
2847.6 3567.6
747 2146
1869 1850
1738.8 1077.6
3502.08 817.92
3354 1633.2
2865 873
1405.2 1581.6
3417.6 1124.4
1774.8 1420.8
1312.8 1407.6
2498.4 3679.2
891.6 1484.4
1438.8 1274.4
3762 1347.6
3849.6 872.4
1339.2 1658.4
2416.32 970.56
3402 1525.2
373.2 1570.8
2428 2386
878.4 2350.8
538.8 1239.6
1317.6 1662
882 2451.6
4323.46 1425.6
3663.6 1396.8
1731.6 1864.8
3648 608
622 910
1634 3297
2407 45
2469.6 2738.4
708 2319.6
5160 1316.4
1778.4 2941.92
3147.84 951.84
1005.12 1673.28
2793.6 3545.28
1468.11 3672.35
1841.76 2465.28
3897.6 1166.4
4210.8 1770
991.2 1070.4
2194.56 1343.52
4282 913
4605.88 1843.85
1438.8 2618.4
475.2 1275.6
1592.4 1180.8
1928.45 1206.84
2353.2 1905.6
402 1063.2
318.903 594.808
3428 804
2736 2709.6
1425.6 2355.6
1723.2 3186
3460.8 1242
4526.4 1454.4
3051.6 2654.4
748.8 985.2
4671.6 1831.2
2451.6 975.6
2220 1742.4
3769.2 1288.8
3006 1952.4
2268 1400
621.6 909.6
2265.41 454.464
1581.6 84
1201.2 656.4
5348.4 1129.2
143.424 547.776
3750 368
2253.6 1648.8
4214 536
5108.4 1098
655.2 967.2
2007.36 1884.96
2534.4 2073.6
2766 1611.6
1440 2617.92
1742.4 1308.96
4870.08 2782.08
3886.56 1032.48
3033.6 1100.4
4184.4 1413.6
2429.28 2355.84
1920.96 1916.64
2430.72 2351.52
3424.32 115.2
1808.64 2545.92
3441.6 1965.6
3768.48 1337.76
2227.68 1291.68
1866 1285.2
1437.12 1251.36
2655.6 1432.8
3456 1982.88
3977.86 1477.44
2728.8 3320.64
1002.24 1224
2469.6 2738.88
3446.4 1113.6
1899.6 3519.6
3784.32 1300.32
1764 2257.92
946.8 1404
2846.88 3569.76
1611.36 980.64
1314.72 1425.6
2062.08 2252.16
937.2 1413.6
1603.58 889.92
1412.64 1463.04
4151.52 1113.12
3244 386
1869.6 1490.4
2494.8 2724
2730.24 1162.08
1781.28 3093.12
2406.24 1628.64
1164.96 1455.84
1572.48 1189.44
2200.32 2109.6
3823.2 1255.68
2818.77 1027.18
1915.2 1199.52
2116.8 94.8
694.08 2125.44
1512 1172.16
2486.88 2717.28
1889.28 1180.8
997.92 2135.52
1464.48 1549.44
2388.96 996.48
3300.48 1618.56
1313.28 2465.28
1316.16 2463.84
3394.08 3337.92
1431.36 1573.92
4312.8 1663.2
1399.68 1581.12
3908.4 735.6
1298.4 273.6
1149.12 1110.24
1854.72 1938.24
3644.64 2413.44
2044.8 2838.24
1634.4 3297.6
2740.32 2527.2
2741.76 1154.88
3504.96 1700.64
849.6 2826.72
1442.88 1607.04
1467.36 1607.04
1251.6 3444
1830.24 1625.76
645 952
1311.84 1408.32
3447.36 1992.96
208.8 418.8
3895.2 1169.28
2138.4 3047.04
4296.96 1717.92
714 1604.4
2175.6 2684.4
3441.6 1995.84
3519 417
1683.36 1090.08
737.28 756
678.24 1615.68
1847.52 3016.8
1461.6 1854.72
2132.35 692.928
2432.16 2338.56
1999.2 1017.6
4237.92 1758.24
1317.6 1661.76
2936.4 1983.6
2443.68 2547.36
2171.52 3025.44
676.8 1666.08
1383.84 1703.52
3356.4 1160.4
2463.84 709.92
2998.08 2003.04
2943.36 2001.6
2010 1017.6
3399.84 1059.84
2692.8 3666.24
2973.6 2010.24
1392.48 1726.56
4672.51 1833.41
2004.48 1020.96
4429.44 2075.04
3535 1641
2766.53 1828.22
1999 1080
3566.88 3041.28
2400.48 1042.56
3386.88 1082.88
3008.45 1067.9
821.146 576.461
2190.24 1156.32
2201.76 2112.48
1956.96 2738.88
1843.2 2869.2
2735.42 3506.11
4282.56 1704.96
5298.05 1343.69
972 3180.96
1548 1683.36
2415.6 1959.6
2436.48 2361.6
4868.64 2786.4
4204.8 1775.52
704.4 1462.8
2116.8 2204.64
499.2 1580.4
2244.96 1706.4
2263.68 1657.44
1946.88 2901.6
1941.12 2907.36
1393.92 1380.96
1723.68 3186.72
2454 1526.4
4936.32 1146.24
1395.36 1378.08
2115.36 1277.28
4281 312
3363.84 2789.28
1550.02 1261.44
748.8 984.96
1044 1510.56
1746.72 1281.6
921.6 1676.16
2109.6 2990.88
2019.6 1392
2707.2 1127.52
711.36 1357.92
1029.89 2144.45
1481.76 1339.2
4661.28 1818.72
2291.04 1375.2
4320 1857.6
1301.89 107.495
2427.84 1002.24
2004 1011.6
1939.68 1159.2
1817.86 1190.59
4084.8 1045.2
653.184 2680.13
5333.76 1166.4
2321.6 878.377
1005.7 1672.7
2426.4 660
1944 1817.28
4690.8 1849.2
1741 922
1628.64 1830.24
2640.96 1009.44
2743.2 2697.12
912.96 1110.24
698 1683
1506 104
4145.76 823.68
2270.88 1660.32
1425.6 2355.84
1123.89 673.92
1771.2 3097.44
1283 2325
4684.32 1846.08
1927.2 1026
3769.92 1288.8
4288.32 1709.28
1458.72 1123.2
528.48 1728
843.84 2465.28
3551.04 1507.68
349.92 1736.64
940.32 2818.08
3078.55 432.968
1478.4 1773.6
1887.84 1627.2
1116 1127.52
368.64 1563.84
2431.2 1005.6
2429.28 1938.24
1817 243
1507.68 1177.92
1806 3073
2880 1994.4
1982.02 758.592
801.792 3639.17
1728 3178.08
663.84 1404
888 1254
1854 321.6
726.59 602.174
4916.16 1126.66
1496.16 1589.76
1775.52 3100.32
3980 602
2206.08 2116.8
708.48 2319.84
4613.76 1245.6
3637 656
357.12 1742.4
1056.96 2041.92
3287.52 527.04
649.44 964.8
2923 1132
3884.54 1586.3
1452.96 1876.32
1797.12 1383.84
1483.2 1568.16
2747.11 1164.53
406.08 1128.96
668.16 1362.24
928.8 2286
364.32 1558.08
2109.89 3043.01
1814.4 3089.66
1451.52 1601.28
3424 2750
1855.87 1937.09
2294.78 2636.93
870.912 2471.04
1866.24 1284.48
2139.26 1434.24
900.288 3504.38
4229.28 1812.96
4662.14 1824.77
2873.66 2609.28
903.744 3500.93
988.416 3115.58
3275.63 421.024
2399 140
711.936 1698.62
1448.06 1876.61
1384.13 1703.81
680.832 1674.43
4428.86 2075.33
3526.85 3188.16
2427.84 2356.99
1740.1 1074.82
2244.67 1766.02
4015.87 1612.22
404.352 491.443
4204.22 594.432
2846.02 3570.05
1038.53 1171.58
948.672 1403.14
1615.33 2614.81
679.104 1653.7
2693.95 1297.73
4323.46 1848.96
2626.56 2528.06
2716.42 1116.29
2654.21 1432.51
2511.13 1192.32
1605.31 2628.29
2712.96 1119.74
1200.96 1496.45
3946.75 1864.51
938.304 2616.19
5728.32 2574.72
533.952 1238.98
2455.49 995.328
4238.78 1755.65
2752.8 966
1572.48 1188.86
1154.3 1534.46
3822.34 1256.26
1776.38 3089.66
1719.93 262.767
1658.88 1188.86
4041.79 1290.82
5158.08 1318.46
2625.18 3114.55
3386.88 1081.73
2783.81 3530.3
921.024 2379.46
4397.76 1050.62
2263.68 3286.66
3395.52 1081.73
3008.79 1067.9
1890.43 1180.22
2726.78 3316.03
2035.58 2700.86
2728.51 3319.49
2488.32 2716.42
3504.38 1700.35
4043.52 1636.42
1869.12 1850.4
843.264 749.952
3120.77 3341.95
3860.35 3770.5
2882.3 504.576
2184.19 1648.51
2816.38 1024.79
4323.46 1430.78
3937.77 1101.08
3896.64 1166.4
1914.62 1199.23
853.632 1261.44
2261.95 1658.88
2185.92 1653.7
2400.19 1041.98
869.76 2122.56
2469.31 2738.88
1945.73 1871.42
974.592 1838.59
2865.02 1987.2
1463.62 1852.42
3865.54 1235.52
1052.35 2697.41
2830.46 1966.46
885.427 2457.22
692.928 2125.44
1263.17 3440.45
2429.57 2351.81
986.688 1852.42
4180.03 1410.05
1957.82 2738.88
3355.78 2792.45
2431.3 2337.98
1828.22 1626.05
1829.95 2752.7
5260.03 1337.47
706.752 1850.69
1467.07 1607.04
3398.98 1059.26
2419.2 2312.06
3951.94 1073.09
1512 1171.58
2128.9 3039.55
3497.47 2244.67
2405.38 1627.78
3784.32 1304.29
1003.62 1215.13
3494.02 2248.13
1919.81 1918.08
1724.54 1242.43
2044.57 2838.76
3281.47 2847.74
381.542 599.271
1315.2 2629.2
2829.6 1968.48
1084.91 938.097
1140.48 1105.92
1149.12 1109.38
2819.52 1032.48
2152.4 3019.16
1658.88 2820.1
3454.27 1983.74
2833.92 3663.36
1399.68 1580.08
4311.36 1664.06
2707.78 3032.64
2693.61 3666.13
1228.61 957.312
1430.78 1574.21
3852 722
3948.48 2308.32
4204.22 1774.66
1796.4 1384.8
4019.33 1627.78
2160 3551.04
850.176 1294.27
1947.46 1861.06
1370.3 1092.1
1764.29 2256.77
2116.8 2203.2
922.752 2498.69
2892.67 2808
957.312 2502.14
1863.36 2530.08
921.024 1676.16
2474.5 3716.93
2864 1499
1442.88 1605.31
1134.26 1094.86
2640 1010.4
2338.56 2635.2
920 1680
2038.35 1318.81
1572.48 3169.15
1005.7 1673.4
1596.67 1760.49
1886.98 1626.05
1772.93 3029.18
548.227 1888.34
5451.84 1099.01
4188.67 3788.47
705.024 1461.89
3362.69 2788.99
1496.45 1563.84
2896.8 2662.8
616.32 1524.96
2244.67 1705.54
2121.98 1382.4
1546.56 1684.8
174.182 758.938
4280.26 1703.81
1480.32 1769.76
971.136 3181.25
3953.66 1076.54
1940.54 2906.5
4151 1120
2267.14 3290.11
2100 487.2
620.64 1751.04
997.056 2135.81
1774.66 3100.03
766.08 2419.2
653.184 2679.09
4610.3 1470.53
1316.74 1662.34
1314.66 2629.33
1771.2 3096.58
1601.68 139.744
549.504 2313.79
2735.08 3506.46
1653.7 1850.69
1411.78 1655.42
2395.01 998.784
1362.36 2347.32
2745.79 2699.14
3767.73 3657.83
1437.7 1251.07
606.528 924.48
2204.93 2116.8
4086.72 938.88
943.488 2621.38
2712.96 1126.66
2718.14 1128.38
1042.56 976.32
748.224 986.688
1195.2 1008
1040.12 977.91
1767.74 3072.38
1677.6 1098.72
3528.58 1223.42
990.144 1071.36
1579.39 1197.5
1359.94 124.416
2319.84 1958.4
1111.2 865.2
2018.88 1392.48
388.8 428.544
825.984 971.136
1722.82 3186.43
649.728 964.224
3283.2 2238
611.712 1558.66
2706.05 1128.38
1335.6 2665.2
1785.6 1179.6
2132.64 704.16
3146.69 2851.2
1958.4 2802.24
1766.71 955.93
2270.59 1660.61
494 1586
343.872 1741.82
2640.38 1009.15
1594.94 1755.65
991.872 2132.35
877.824 3087.94
472.32 1978.56
1574.21 2923.78
910.656 1109.38
1244.16 1396.22
794.88 3341.95
960.48 2501.28
1726.27 3177.79
2139 1435
1988.93 1467.07
1373.76 1088.64
888.48 1254.24
950.4 1600.13
2115.07 1276.99
312.768 1368.58
1085.18 938.304
2426.4 659.52
809.28 2378.88
2239.49 1702.08
4722.83 1602.48
5264.64 1468.8
1938.24 357.12
2784.85 3531.34
1262.82 3440.1
2436.07 3483.65
2784.85 3537.56
1901.49 3516.83
2973.54 2011.39
1897.34 3519.94
2457.22 995.328
1725.24 1242.09
1741.82 1076.2
2656.28 1430.78
1850.69 1944
3452.54 1992.73
1806.11 1378.94
1828.92 2755.81
869.184 2121.98
3784.32 1298.07
2834.61 3664.05
3454.62 1984.44
1960.8 2799.36
692.583 2125.44
1949.18 2751.67
2498.69 3678.57
3280.44 2849.13
3691.01 604.8
1920.15 1918.08
3442.18 1965.77
910.311 1393.46
2391.55 964.224
3174.68 3353.01
1634 3297.02
2759.55 3729.99
3861.04 3769.81
705.024 1851.73
2764.11 1924.3
1451.52 1874.53
1957.48 2739.23
2264.37 3286.66
974.592 1839.28
3317.76 1488.84
2419.89 2312.06
2432.33 2339.02
2430.26 2349.39
4159.64 1117.67
1891.12 1181.95
2117 99
1432.86 1806.11
2428.19 2357.68
1942.96 1818.55
534.989 1240.01
1005.7 1838.59
3351.77 3896.71
3386.19 1082.42
1611.19 978.739
217.44 1211.04
1239.84 1404
4680.12 1835.14
713.318 1698.28
3527.19 3189.2
5636.05 2517.35
2488.32 2716.42
3441.35 1968.26
4868.81 2784.85
1520.64 1302.91
1383.09 1702.43
680.141 1673.4
2158.62 2701.9
680.141 1665.1
1779.84 3093.12
1814.4 3089.66
1034.73 1171.58
4207.33 1768.78
4203.19 1065.83
2602.37 2506.98
2154.82 3084.48
2294.78 2692.22
673.92 1611.19
3506.46 1698.28
710.208 1605.31
2005.59 1020.21
1200.61 1497.14
2185.57 1654.73
3450 1982.4
3817.5 1258.68
1845.5 1202.69
499.738 1580.08
3952.28 1072.05
2446.85 1345.77
2973.54 1169.51
1511.65 1171.58
2129.59 3039.9
1660.95 1188.17
2830.46 2992.21
1847.23 3017.09
4016.56 1611.19
3711.74 1607.04
1466.04 1607.04
3089.66 1045.09
1806.11 2998.43
3839.48 831.099
3353.01 2668.72
2164.84 3017.09
2152.4 3018.33
1155 1534.46
1148.77 1109.38
3566.59 3039.55
1398.44 1580.08
3363.38 2660.43
1509.58 1175.73
2734.66 3506.04
2774.48 2021.76
763.085 2556.75
2874.01 2608.59
4248.81 1669.25
2390.86 995.328
2405.38 1627.78
1925.96 2620.2
1443.23 1604.97
1656.81 1542.76
3885.93 1032.65
1441.15 2616.88
715 1692
1886.98 1625.7
4213 538
371.174 1569.72
1501.29 2525.65
4279.91 1704.5
1313.83 2630.15
949.709 1598.75
3976.8 601.2
2183.5 1648.51
2602.37 1551.74
1945.04 1967.85
2626 1410
4237.61 1706.99
5397.58 2764.11
4296.5 1719.01
649.037 964.224
4186 1413
705.024 1459.81
3368.19 343.985
1940.89 2905.11
1529 2314
3498.16 3122.84
898.284 2416.16
4653.16 1806.11
1642.29 381.542
1217.2 1667.17
4205.26 1772.93
1945.04 2900.97
1546.91 1685.84
3637.09 1045.09
980.813 1457.74
765.159 2417.82
3421.44 1754.27
3757.36 1551.05
480.384 940.032
1772.93 3097.96
1741.82 1310.52
920.679 1675.47
3541.71 1258.68
528.768 1667.17
3396.96 3709.44
2900.97 2480.03
5356.11 1115.6
3232.33 855.982
2220.83 1743.9
4228.42 1812.67
922.752 2378.42
3423.93 2749.59
1227.57 2044.57
1391.39 1727.31
4980.79 1165.36
3379.97 1196.47
4673.9 1833.06
748.57 984.96
2245.71 1764.63
2430 2347.2
1414.2 1461.89
1439.08 1252.45
1198.54 1009.84
692.583 2662.5
2484.86 2113.34
4321.38 1853.8
854.323 1260.75
5260.72 1337.47
2407.45 1486.77
2793.14 1822.69
3589.4 1088.64
681.8 2306.67
620.006 1750.12
2786.92 1828.92
4060.11 1872.46
5348.16 1130.11
2892.67 2807.65
972.519 3178.83
4916.51 1125.96
3529.27 1223.42
1339.2 3207.17
3321.91 3742.43
2718.49 1128.04
3588.16 1089.88
2689.2 103.2
654.428 2677.43
1437.01 1273.19
2436.48 2362.18
1461.89 1853.8
1254.53 2233.27
1596.67 1038.87
1748.05 1281.48
2200.09 2108.85
949.709 1401.75
2204.24 2117.15
4875.03 1134.26
2063.23 2243.64
3147.73 2851.2
3357.16 2791.07
1017.79 2204.93
1619 3308
1848 1203
736.128 756.864
4935.17 1146.7
4532.89 1240.01
1229.65 958.003
3153.95 1466.04
452.045 2152.4
443.75 2154.47
1575.11 3314.44
991.181 2133.73
2117.15 2204.24
2139.96 1432.86
4651.09 773.453
3234 205
1244.16 1397.61
3396.56 3709.67
2434.41 999.475
2488.32 3674.42
2508.23 1194.39
995.328 2135.81
2977.62 372.651
1430.78 1573.86
292.378 2523.57
709.171 2320.36
3626.73 3257.63
1980.29 1864.17
1227.57 1799.89
2878.16 1540.69
2863.64 3786.39
1573.86 3166.39
2316 708
3784.74 1303.88
2732.18 1164.53
2988.47 1174.49
4867.16 2784.43
1871.22 1490.5
1724.41 1241.67
2784.43 3538.39
982.887 1460.64
1928.45 2724.71
1382.51 1230.23
4187.84 3787.22
2157.37 2702.32
2154.89 3083.03
288.645 2528.13
985.375 1853.8
3503.56 1269.04
2436.56 1507.92
3229.84 1769.2
1739.34 1074.95
4202.77 1065
4294.84 1719.43
4979.13 1164.53
2294.23 2637.62
904.8 1604.4
3817.08 1259.09
3527.19 1266.97
3674.42 734.055
1003.29 1224.25
3351.77 2669.97
1412.12 1654.73
405.596 1836.38
5688.3 2346.49
3416.46 3585.67
1799.06 1383.51
1776.66 3090.49
1450.69 1876.19
1149.6 1107.3
4391.89 2806.83
1774.17 3097.96
1515.39 1181.95
2968.57 2585.36
2774.48 2023
1779.15 2941.19
2251.43 1651.25
1848.82 1945.87
3356.74 2791.9
1604.97 2630.15
3361.72 2789.41
3451.3 1241.67
3172.61 3356.74
691.753 2125.03
1916.01 1200.61
1244.16 1398.44
1945.87 1871.22
2295.48 2691.53
1383.51 1704.5
679.312 1674.64
527.524 1667.17
1930.94 2719.73
1940.89 2906.36
2465.93 2739.64
4610.86 1468.11
5247.87 1296.42
2475.88 3715.89
4060.94 1804.03
2431.09 2339.02
3120.35 3341.81
5377.76 3009.87
1826.43 2754.57
3525.95 3190.03
2191.8 2679.09
1804.03 564.019
2727.2 3319.42
1465.62 1604.97
3496.09 2820.1
2834.2 3665.3
2622.69 2528.13
2127.51 3043.22
1866.24 2664.99
2494.54 2722.64
4680.53 1405.9
1469.1 3675.75
2268 992.16
681.8 1667.17
1510.41 1174.49
525.036 1726.89
1804.03 1381.02
5061.24 1415.85
2971.05 1169.51
3306.98 3846.94
3713.82 1607.04
4016.15 1612.43
2264.37 3289.56
4065.92 1871.22
4207.75 1769.2
3715.76 558.976
5387.21 2874.01
1614.92 1923.47
763.914 2418.65
852.48 535.68
1640.22 3802.98
2647.99 1441.15
2655.04 1430.78
549.919 2316.63
1697.03 3647.88
1943.38 1818.96
4247.56 1669.66
1953.33 1816.47
1397.44 1582.57
706.683 1851.31
534.989 1239.18
1607.46 1786.61
2781.94 3530.93
711.66 1699.52
900.772 3501.07
933.12 1415.85
2708.12 3031.6
525.6 1902.24
1804.03 3000.91
2789.41 1823.94
1311.34 1410.88
1878.68 1473.09
910.725 1393.46
5158.29 1316.32
3279.61 2849.13
3931.55 1901.08
1519.95 1302.22
801.239 3637.92
3453.79 1985.68
2767.01 1826.43
3145.24 2851.62
1497.97 1565.15
430.479 1368.58
2157.37 3550.83
2784.96 3538.08
5633.56 2515.69
3394.07 1079.93
2861.57 1502.95
2486.25 2113
3080.54 1968.26
852 1294.8
748.984 985.375
918.19 2378.83
3625.48 3259.7
1741.82 1219.28
972.933 3180.07
2122.54 1383.51
3726.72 508.32
1433.27 1806.52
2739.64 1157.07
1574 488
619.592 1749.29
2786.92 2990.96
920.679 1674.64
3488.63 1537.78
3152.7 1465.62
1361.11 2348.97
2553.02 1047.58
711.66 2319.11
1361.11 126.904
2025.49 2791.9
452.874 2154.89
2408.69 1485.53
2786.92 1828.92
2284.28 1816.47
4257.52 1677.13
1746.8 1281.49
2508.23 1194.39
2042.91 2841.66
2037.93 2839.17
649.452 965.468
2110.1 3043.22
3165.14 1030.16
1405.9 66.3552
786.309 3506.04
1035.14 1172
1978.21 1866.24
950.538 1400.92
1020.21 2204.65
1149.6 2956.12
1470.6 2732.18
1706.99 1627.36
1500.46 2528.13
4227.66 1702.01
4277.42 1704.5
1390.97 1729.38
850.176 2142.03
2467.58 2739.23
748.984 2144.93
2764.52 3560.79
1920.98 2617.71
2528.06 221.184
751.68 2151.36
181.647 1055.05
5334.96 1164.53
1657.22 1124.72
1111.68 865.44
480.246 940.585
674.335 1679.62
4934.34 1144.63
716.636 1617.41
1764.22 2256.91
335.923 2538.09
2424 164
3984.48 1480.32
263.347 1629.85
710.664 1699.03
5347.9 3093.48
2191.71 1343.69
4167.94 1124.72
2445.52 1346.68
740.524 1758.74
4643.21 1830.41
3956.43 1071.97
710.664 2320.11
1670.4 427.2
1313.83 2869.53
1779.65 2941.2
4034.07 2042.41
5061.24 1415.36
1884.16 3648.87
1845.34 1316.82
2155.88 3006.89
2499.27 3018.83
2149.91 3553.32
1803.53 3000.91
2956.12 2012.55
1528.82 3780.26
2191.71 2117.06
4526.75 1451.19
3415.97 3586.17
2818.77 2950.15
2155.88 3550.34
1848.82 3013.36
901.767 3502.56
2123.04 1385.5
1848.32 1946.86
1047.17 212.544
1937.9 2902.38
1800.55 1382.51
2652.55 3886.76
4685.01 1854.3
5711.59 2454.48
2389.98 1938.5
758.44 3165.14
1952.83 3368.19
1224.25 2042.41
409.08 1391.47
853.494 2826.73
2072.27 2869.53
3395.06 3711.58
3642.9 2415.66
988.361 1063.01
3439.85 1991.65
1612.43 1922.97
1448.4 398.4
432.968 1370.57
3451.8 1985.68
2714.26 1116.76
4063.93 1803.53
3144.24 2851.62
931.627 1415.36
2218.59 1743.82
4320.72 1851.31
3278.61 2851.62
1755.76 2093.18
2830.71 3665.59
3748.01 1304.28
5109.02 2421.63
3227.85 1770.69
5632.76 2511.81
3783.24 1304.88
2553.02 1048.08
2779.95 3532.42
2723.22 1164.53
4040.04 1089.88
1922.97 2618.71
677.819 1675.14
2005.59 2767.01
1797.56 3120.35
1812.49 3090.49
2364.9 3111.4
1469.1 2732.18
1633.33 3299.51
1949.85 2753.08
4228.15 1785.62
746.496 988.361
1955.82 2741.13
865.936 2123.04
982.389 1460.15
3120.35 3341.32
4977.64 1164.53
4263.84 990.72
652.139 2673.05
5156.8 1313.83
2788.91 1821.45
2463.44 2741.13
859.964 2108.11
704.692 1851.31
618.099 1749.79
2308.17 2803.84
1200.37 1495.98
1451.19 1875.2
406.094 1836.38
2726.2 3317.43
2487.33 2717.25
2971.05 1170.51
2155.88 2702.32
689.763 2126.02
2600.79 2505.24
2833.7 2603.78
421.024 1818.46
2732.18 1164.53
677.819 1612.43
4066.91 1872.21
725.76 68.4288
2244.47 1672.15
2263.38 3290.56
1627.36 1866.24
1651.25 1540.77
676.823 1612.43
3326.39 2690.37
2642.6 2499.27
5392.69 2762.04
2775 993
2621.69 2529.13
976.417 1839.37
4063.93 1878.18
1608.85 1845.34
722.608 2323.1
868.922 2472.4
1659.71 1186.93
3451.8 1242.17
444.912 2152.9
1603.47 2630.65
1170 63.6
4231.14 1702.01
1182.45 1298.9
3421.44 1756.75
2411.48 3464.94
1510.91 1176.48
3893.72 2278.31
2293.24 2636.62
2395 797
3364.61 2658.72
2473.39 3717.55
367.276 1570.63
498.659 1582.57
1466.12 1603.47
1021.21 2203.66
4123.65 1376.54
3947.47 2308.17
4246.07 1672.15
3087.51 1045.09
2830.71 2591.83
3320.42 3750.4
1890.13 1182.45
3751.2 368.64
4252.04 1672.15
5453.57 1099.01
4932.85 1146.62
1060.02 1812.49
3624.99 3257.71
2035.25 1322.19
498.659 1295.92
3872.82 2974.04
2024.5 2791.9
2155.88 1594.52
343.388 2427.61
946.557 1597.5
3756.37 1549.73
3078.55 1967.76
689.763 2663.5
1587.55 1189.42
1209.32 1481.05
2991.96 1077.94
2776.97 2030.47
4293.85 1719.93
5258.32 1337.72
3356.25 3129.31
824.132 967.459
915.702 1672.15
1654.24 3260.7
450.884 2152.9
432.968 1385.99
2200 191
5131.12 2959.71
1531.81 1164.53
318 1371.6
1439.24 1280.99
1606.46 1785.62
2242.47 2185.74
409.08 1131.69
1427.04 2335.68
4275.93 1705
836.076 2126.02
340.402 1394.45
1021.21 2212.61
1379.53 1812.49
3627.97 1280.99
994.333 2134.98
3538.39 2344
2284.28 1815.48
182.145 1054.05
5059.45 1411.77
1605.27 2633.64
2859.38 1501.35
3894.92 2278.9
2415.06 2375.65
5346.11 3092.29
1408.19 1651.85
498.062 1583.77
702.304 1601.68
713.053 1619.6
863.547 2121.24
2651.55 3887.75
2744.72 1164.53
1888.34 1182.45
2805.63 3518.68
687.971 2124.83
3954 952
3952.25 2307.57
2196.49 2114.08
2780.55 3529.43
4170.82 1375.94
2289.65 2640.8
2970.46 1168.12
1924.17 2615.72
2246.66 1669.76
1576.6 3317.43
3592.8 271.2
2422.23 2307.57
1802.34 3002.71
1465.52 1601.68
1633.93 3300.11
5235.03 2888.04
1583.77 1186.03
1845.34 3009.87
853.992 2827.73
702.304 1702.01
748.885 985.375
1913.42 1200.37
1530.02 1071.37
4063.33 1870.42
526.728 1644.68
1626.76 1863.25
3414.77 3583.18
677.221 1648.26
433.565 1368.78
4167.24 1117.95
347.569 1741.43
1310.85 1412.37
2153.49 3550.93
1931.33 2719.64
906.545 2776.97
741.719 1755.76
2465.23 2737.55
404.9 1834.59
3307.28 3844.75
5102.45 2418.65
1890.13 2944.18
1949.25 2748.3
4228.15 1784.42
5464.35 1232.61
5342.52 1114.37
5392.69 2759.05
2830.71 2590.64
5084.54 2436.56
2766.22 1820.26
709.47 1028.37
1397.44 1580.18
1429.69 1268.45
5697.26 3368.19
1859.67 3762.34
2608.56 3099.45
713.053 2318.32
888.629 1178.87
720.22 2321.9
2167.82 2683.8
2776.97 2031.66
3357.44 3128.12
2461.65 3504.35
3439.85 1970.75
691.554 1680.51
2296.82 2690.97
1809.51 3088.7
3425.52 1773.68
1200.37 1494.19
1773.68 3092.29
1848.92 1945.67
2400.73 1046.29
5156.2 1311.44
1942.08 1816.67
1444.02 1250.53
1508.52 1913.42
4034.66 2046
2153.49 2698.14
1698.43 3647.68
386.984 2447.31
1798.76 3117.37
1820.26 3726.51
931.627 1411.77
2619.31 2526.14
1153.78 1533.6
1243.36 1397.44
2425.81 1960
2971.05 2012.55
343.985 2425.81
3694.26 1397.44
673.638 1676.93
5385.52 2870.13
2601.39 2504.64
3321.61 3744.43
820.549 3636.93
1798.85 561.6
1651.85 1537.19
4020.33 1608.85
3977.33 1479.85
2307.57 2802.05
2640.8 2497.48
1383.11 1225.45
1465.52 3672.76
1315.03 1798.76
3923.58 1895.5
4318 1429
605.558 3386.11
1662.6 1186.03
3149.62 1465.52
3450.6 1243.36
759.635 1759.34
2733.97 1160.95
3755.17 1680.51
924.461 2604.97
1924.17 1203.95
2726.8 3314.44
981.792 1458.35
365.485 1569.43
408.483 1390.27
619.89 1745.01
3278.61 2852.21
839.062 2624.68
4977.04 1164.53
3977.33 2841.46
3239.2 2243.07
5292.36 1340.11
1375.94 3163.95
336.819 1390.27
4934.04 1143.04
3622.6 3253.53
2769.8 3561.68
2247 759
3622.6 2121.24
429.982 1383.11
662.4 1592.4
3120.95 1071.37
1003.29 1225.45
644.973 1594.52
415.649 1555.1
419.232 2253.82
5274.44 1257.7
1203.95 1479.85
2121.24 1272.03
1021.21 2200.07
1651.85 3257.11
3077.95 1967.17
1770.09 3124.53
1530.02 1160.95
791.883 3500.77
2292 1164
917.295 1669.76
1429.69 1805.92
1891.92 1522.85
